LA_0079 0.084378 0.023859 -0.013053 0.056768 0.114708 -0.042432 -0.120211 0.024773 -0.070623 0.075235 -0.061780 0.083749 0.009302 -0.028796 0.088898 0.173982 0.005613 -0.025977 -0.003266 0.029976 -0.115710 -0.051256 0.041465 -0.044303 -0.051995 -0.058286 0.085525 0.123935 0.016033 -0.113497 0.000535 -0.037461 -0.028482 0.065737 0.058466 0.004109 0.071739 0.127503 0.034224 -0.037633 0.003519 0.049175 0.063344 -0.091413 0.024139 -0.024747 -0.099005 -0.089002 0.046518 0.037363 0.033027 0.104468 0.119584 -0.057698 0.141488 0.012091 -0.114384 0.046343 -0.073212 -0.091132 -0.043936 0.015028 -0.011237 0.048580 0.102088 0.066108 -0.031006 -0.062029 -0.016741 0.033230 -0.003779 -0.007582 0.054492 -0.112598 -0.020767 -0.041039 0.018960 0.049207 -0.022661 0.075694 -0.075007 0.111916 -0.152398 0.048729 0.149144 -0.182282 -0.102511 0.055146 -0.023845 0.069168 -0.055287 -0.064019 -0.063683 0.003123 0.117452 -0.032624 0.055461 -0.056349 -0.188131 0.042091 0.067482 -0.061296 0.035045 -0.056623 -0.009447 0.020830 -0.099221 -0.145753 0.043794 0.101248 -0.089447 -0.169501 -0.049632 -0.065016 0.100054 0.015062 -0.017887 -0.033472 0.082012 0.037957 0.013221 0.048111 0.030953 0.018640 -0.047906 0.087677 -0.025025 -0.049956 -0.128009 0.045448 -0.023788 -0.008685 0.118808 -0.036421 -0.001075 -0.043075 -0.000206 0.016067 0.083919 -0.122815 0.090554 -0.084698 0.003314 -0.159194 0.035548 0.014038 0.010905 -0.006387 -0.077975 0.000741 -0.087190 0.023250 0.040729 0.062205 0.125582 -0.033728 -0.000051 0.113015 -0.071618 0.005035 -0.112569 -0.054265 0.034267 -0.000951 -0.006193 0.081768 0.084515 0.087749 0.013063 -0.074618 0.027217 -0.031090 -0.007202 0.031851 0.055382 0.033427 -0.097451 0.116670 0.070952 -0.012027 -0.057638 -0.123142 -0.051219 0.079541 0.077390 0.014983 -0.018242 -0.085761 0.016316 0.041564 0.030471 -0.170451
LA_0080 0.017061 0.026352 -0.036892 0.038587 0.102389 -0.054459 -0.091374 0.015029 -0.092314 0.098191 -0.022491 0.026036 0.003752 -0.016116 0.076876 0.102813 0.042607 -0.020107 -0.036465 -0.016703 -0.147412 -0.050253 0.016130 -0.018519 -0.023965 -0.042282 0.119216 0.122657 0.034679 -0.059844 -0.048226 -0.067470 0.012559 0.075983 0.033360 -0.032523 0.035728 0.142687 -0.003553 -0.020603 0.009645 0.012090 0.148600 -0.117087 0.022983 0.002393 -0.022204 -0.051915 0.051280 0.069656 -0.019873 0.116061 0.145069 -0.038646 0.139778 -0.015851 -0.094611 0.042060 -0.070778 -0.120200 -0.003485 -0.016374 0.010861 0.030247 0.054979 0.048019 0.019257 -0.096286 -0.055663 0.029041 -0.055505 -0.023757 0.021260 -0.062776 0.016011 0.020225 0.003299 -0.029567 -0.044533 0.045660 -0.068996 0.140405 -0.131484 0.045317 0.182170 -0.143842 -0.041594 0.045083 0.011525 0.137774 -0.078973 -0.097383 -0.103911 0.038036 0.062693 -0.016372 0.014926 -0.020434 -0.212713 0.112033 0.072515 -0.009546 0.020180 -0.043937 0.034065 -0.021018 -0.063370 -0.133647 0.050957 0.118516 -0.041170 -0.115780 -0.010003 -0.032496 0.101764 0.016618 0.059943 -0.040199 0.069405 0.048505 0.059886 -0.016814 0.012939 -0.002902 -0.071329 0.097977 -0.003448 -0.106720 -0.134629 0.035583 -0.047321 0.010593 0.049015 -0.116390 0.027396 -0.031206 0.061362 0.061178 0.107099 -0.142703 0.121469 -0.074636 0.037663 -0.157980 -0.060485 0.052210 -0.038653 0.016089 -0.033804 0.008521 -0.082532 -0.022864 0.055931 0.047111 0.111869 -0.020853 0.041012 0.128055 -0.078804 -0.041017 -0.145984 -0.067636 0.030656 -0.013855 0.000444 0.091144 0.083336 0.024537 0.011901 0.026863 0.069913 0.036114 0.000537 0.026213 0.120612 0.016658 -0.048155 0.099014 0.059825 -0.026077 -0.125960 -0.134743 -0.000944 0.028764 0.067343 0.003025 -0.059781 -0.036602 -0.032124 0.056429 -0.056097 -0.141847
LA_0081 0.015728 -0.025341 0.041260 0.024764 0.154721 -0.096414 -0.024440 0.001108 -0.117122 0.095971 0.009508 0.082880 -0.029035 -0.012963 0.085158 0.087500 -0.031224 0.065037 -0.003048 0.004242 -0.078474 -0.040341 0.124518 -0.076235 -0.089644 -0.006491 0.129388 0.106397 0.104755 -0.156591 0.027714 -0.048896 0.030807 0.019500 0.099852 -0.052858 0.029106 0.067808 -0.031899 -0.051799 -0.016976 0.009859 0.078343 -0.163892 0.007597 -0.005030 -0.094961 -0.103740 0.100856 0.022748 0.017053 0.078037 0.176930 -0.080883 0.124824 -0.015289 -0.076632 0.071326 -0.079956 -0.035642 -0.005409 -0.056989 0.003171 0.053491 0.065257 0.044031 -0.027987 -0.110130 -0.007945 0.026845 -0.039078 -0.006347 0.027810 -0.085749 -0.001850 -0.077753 -0.058036 -0.049754 -0.001155 0.019069 -0.091850 0.125717 -0.034699 0.022828 0.116762 -0.003074 -0.072428 -0.024947 -0.034389 0.115127 -0.087668 -0.053978 -0.103481 0.008255 0.050543 -0.034899 -0.032519 -0.021687 -0.165809 0.088284 0.037973 0.001041 0.008207 -0.048559 0.032188 -0.037846 -0.019628 -0.031531 0.048962 0.088790 0.015846 -0.122115 -0.071829 -0.053690 0.096679 0.048733 0.016447 -0.060819 0.141475 0.064589 0.091627 -0.020664 0.085741 0.008565 -0.079923 0.050952 -0.055841 -0.057359 -0.185873 0.025596 -0.033035 0.025931 0.054706 -0.029631 -0.020078 -0.063503 0.119254 0.081008 0.120830 -0.057176 0.167007 -0.063714 0.053930 -0.084892 -0.054412 0.090169 -0.135270 0.041366 -0.081209 -0.019217 -0.014892 -0.038854 -0.039401 0.067579 0.136056 0.011081 0.043244 0.061535 -0.080608 -0.047762 -0.124282 -0.118492 0.007871 -0.082286 0.029645 0.098804 0.133488 -0.035644 0.076101 -0.046874 0.057016 -0.038683 -0.043707 0.061763 0.093525 0.041573 0.024189 -0.015395 0.027362 0.022916 -0.094165 -0.068562 0.055001 0.023444 0.086702 -0.004333 -0.040736 -0.052546 -0.034194 0.016047 -0.056377 -0.154389
LA_0082 -0.003578 -0.008579 0.041603 0.067460 0.045097 0.018108 0.049036 0.079408 -0.036255 0.080081 0.054821 0.031031 -0.069687 -0.044695 0.020306 0.118399 0.089801 0.093170 -0.036670 0.054056 0.038578 -0.058455 0.195845 -0.040372 -0.049576 0.034436 0.011766 0.043145 0.110531 -0.124893 0.042228 -0.015050 -0.003708 -0.037475 -0.026914 -0.058666 0.041510 0.029123 0.043563 -0.039643 -0.119575 -0.089570 0.048547 -0.029886 0.108410 -0.035386 0.056115 -0.091847 0.074927 -0.018854 -0.156629 0.052615 0.138494 0.011514 0.051582 0.019869 -0.021031 0.109267 -0.040509 0.046048 -0.083239 -0.016443 -0.079213 -0.110535 0.101310 0.092961 0.050763 -0.023818 -0.026422 -0.065564 -0.113063 -0.055941 0.250608 -0.039166 -0.006383 0.112265 0.073728 -0.093982 0.009590 -0.037246 -0.021610 0.073650 -0.064614 0.056454 0.129707 -0.014653 0.021724 0.057845 0.005642 0.038269 0.039134 -0.113339 -0.141420 0.029434 0.140399 0.068680 -0.146082 -0.087877 -0.189007 0.058001 -0.006372 0.086708 -0.006418 0.081402 0.018255 0.106692 0.098598 -0.124498 0.001542 -0.042370 -0.049863 -0.025596 0.039787 0.046159 0.026850 0.022795 -0.019490 -0.016527 0.088661 0.047584 0.049937 -0.109934 0.015527 0.015799 -0.009592 -0.030308 0.136459 0.049040 -0.035457 0.101579 -0.079419 0.037593 0.026990 0.115972 0.059241 -0.016774 -0.070666 0.058847 0.011374 -0.050366 0.111705 -0.099588 0.045196 -0.163225 -0.145783 0.031748 0.067404 0.070902 -0.019434 0.030362 -0.025900 -0.022182 -0.045003 0.073623 0.041241 0.011223 0.042155 -0.012825 0.017910 -0.039243 -0.140866 -0.084056 0.008071 -0.098604 0.157429 -0.020148 0.004795 -0.030372 -0.079851 0.059245 0.072839 0.042090 -0.060105 -0.016316 0.019238 -0.006063 -0.011204 0.001125 0.008547 0.047579 -0.106242 -0.046843 -0.031324 -0.065512 0.023811 0.094983 0.118703 -0.065753 -0.012352 0.003876 0.010204 -0.021925
LA_0083 0.147336 -0.129629 0.017967 -0.017307 0.049758 -0.049294 0.014414 0.134781 0.021672 -0.032925 -0.067573 0.043680 -0.081276 0.017268 0.062468 0.180340 0.020798 -0.082836 0.073607 0.059922 -0.042516 -0.066073 0.129932 -0.125335 -0.017588 0.052348 0.054432 -0.019846 0.036231 -0.051168 -0.025539 0.121617 0.033879 -0.068052 0.088100 -0.043088 0.134784 0.079116 -0.047505 0.076302 0.027967 0.032510 0.072149 -0.053997 -0.089124 0.014753 0.001251 0.017136 -0.055538 -0.021456 -0.049770 0.013968 0.031986 0.014144 0.122147 0.037057 0.022219 -0.033327 -0.026850 0.002320 0.086673 0.009996 -0.007642 0.012882 0.089159 0.074784 0.051063 -0.108075 -0.004145 -0.035687 0.034123 0.025192 0.058804 -0.074513 0.103316 -0.110743 -0.051402 0.000601 0.007369 -0.025229 -0.019133 0.029681 0.070772 -0.058247 -0.007130 -0.038284 0.024128 0.086148 -0.025155 0.155854 -0.009557 -0.047480 0.020712 0.139129 -0.062282 0.036081 -0.153959 0.081512 -0.190980 0.073294 -0.028572 -0.081997 -0.102675 -0.007402 0.067422 -0.038094 0.082441 0.020670 -0.113762 0.114670 0.034799 0.005580 -0.038641 0.025067 -0.057804 0.147831 0.049631 0.020855 0.145605 0.049398 -0.114704 0.087060 0.043678 -0.004281 0.030337 -0.030504 0.084222 -0.084474 -0.082973 -0.068867 -0.013507 0.080112 0.001497 0.003847 0.010462 0.017277 -0.010273 -0.093280 0.003605 -0.026014 0.036847 -0.097392 0.052462 -0.048446 0.002738 -0.011004 -0.059372 0.073290 0.018517 -0.048243 -0.064798 -0.070779 -0.081284 -0.092179 -0.031160 -0.049713 -0.000049 0.084546 -0.028243 0.025024 0.024734 0.050025 -0.129181 -0.186398 0.109607 -0.009094 -0.004006 0.055100 -0.113887 0.128797 0.010224 -0.031522 0.103023 -0.010054 -0.092994 -0.045165 0.001240 -0.144310 -0.144518 -0.017292 0.040597 -0.106122 0.025616 -0.011423 -0.042141 -0.074126 0.173491 -0.117890 -0.060965 -0.088828 0.107521 -0.008095
LA_0084 -0.047810 -0.015613 0.020621 0.019074 0.036110 0.070407 0.042840 -0.005034 -0.004280 0.034672 0.009189 0.115144 0.012159 -0.014221 0.074401 0.075048 0.043544 -0.003348 -0.014190 -0.036190 -0.072428 -0.059731 0.014267 -0.052528 -0.042313 0.057981 0.047537 0.158916 0.059320 -0.228106 -0.061775 -0.008364 0.011177 0.026914 0.096651 -0.080678 0.021115 0.109528 -0.040705 -0.026285 -0.087630 -0.012481 0.138842 -0.101213 0.021880 0.011522 -0.052806 0.005203 0.039319 0.089350 -0.015590 -0.041003 0.128405 -0.002317 0.054450 0.032362 -0.007993 -0.049706 -0.077466 0.018568 -0.021751 -0.000436 0.018940 0.009134 0.048619 -0.012455 -0.015569 -0.137127 -0.003128 -0.017249 -0.107373 0.014093 -0.045954 -0.039296 -0.014746 -0.059716 -0.069772 -0.001970 -0.028118 -0.044571 -0.065339 0.161746 -0.101310 0.013898 0.113306 -0.035825 -0.041539 -0.006639 -0.074696 0.107329 -0.039716 -0.029946 -0.134699 0.122535 -0.034283 -0.033255 -0.032816 0.011794 -0.255097 0.046119 0.088135 0.049653 0.046192 -0.043029 -0.017706 0.008542 -0.113081 -0.065737 0.074954 0.140734 -0.004829 0.036022 0.063122 -0.051593 0.059305 0.026660 0.016459 -0.061080 0.043762 -0.028314 0.087108 -0.083862 0.029336 0.003648 -0.018061 0.049063 -0.080887 -0.095822 -0.120686 -0.029569 -0.063577 0.046529 0.012653 -0.057018 -0.058204 -0.170108 0.067267 0.067386 0.135592 -0.141735 0.161216 -0.039111 0.032589 -0.132333 -0.048873 0.183470 -0.110224 0.077637 0.008555 0.006254 0.045454 0.011168 -0.034928 0.016168 0.084873 0.026190 0.062545 0.009824 -0.035721 -0.004591 -0.135636 -0.082812 0.012813 -0.148487 -0.003038 0.005195 0.096610 -0.012679 -0.089920 -0.094704 0.080245 0.065325 0.035550 0.009205 0.142996 0.070886 -0.087400 -0.044072 -0.068476 0.024838 -0.032526 -0.105123 0.080608 0.073275 0.001982 0.073111 -0.016139 -0.066301 0.044957 -0.006692 0.000572 -0.132346
LA_0085 -0.009453 -0.098368 0.103225 0.011091 0.080420 -0.062236 0.027042 0.059974 -0.129361 0.015315 0.020485 -0.002010 0.029210 0.091688 0.139895 0.127094 0.035353 -0.024834 0.055424 -0.044542 -0.070669 -0.016558 0.076051 -0.115979 -0.043758 -0.013375 0.079322 0.073207 -0.006578 -0.221754 -0.014390 0.016745 0.034794 -0.096555 0.055463 -0.012137 0.061515 0.077615 -0.008867 -0.120178 -0.040951 0.003128 0.017294 -0.085973 0.036534 0.054075 -0.039204 -0.038038 0.030180 0.057481 0.079828 0.014759 0.144161 0.044146 0.125530 0.097982 -0.006954 0.000911 -0.022401 -0.014044 0.054137 -0.039477 -0.001275 -0.007490 0.046062 0.030411 -0.122393 -0.163446 0.030094 -0.083921 -0.112843 0.010645 0.009188 -0.002187 0.065354 -0.168027 -0.030140 -0.020293 0.011912 -0.035765 -0.073515 0.146028 -0.013309 0.040491 0.081199 -0.013025 -0.048992 -0.016488 0.028329 0.102415 -0.071877 -0.098437 -0.087179 0.050783 0.021425 -0.016355 -0.009495 -0.047521 -0.172316 0.095067 0.158473 0.052598 0.014539 -0.056788 -0.015992 -0.008204 -0.028991 -0.133156 0.092981 0.115295 -0.103367 -0.012126 -0.080534 -0.064928 0.059904 0.055996 -0.022369 0.017295 -0.013539 -0.113669 0.118831 -0.004381 -0.015929 -0.000685 0.023709 0.098869 -0.088485 -0.125561 -0.076874 -0.089810 -0.051607 0.106095 0.000937 -0.042989 0.019885 -0.132737 0.047727 0.063420 0.098516 -0.049413 0.116076 -0.060349 0.059058 -0.113345 -0.047098 0.113599 -0.070707 0.040982 -0.010967 0.003187 0.006051 0.024520 0.045215 0.034812 0.104453 -0.002319 0.041406 -0.066240 -0.075437 -0.034100 -0.177171 -0.034812 -0.078468 -0.028026 -0.026455 -0.050249 0.072063 0.023096 -0.003644 -0.143710 0.020549 0.076449 0.023990 0.070547 0.074977 0.029235 -0.057223 0.069798 -0.066891 -0.091678 0.007714 -0.075820 -0.032526 0.078679 0.045083 0.065550 -0.040896 -0.056385 0.005876 0.029933 -0.052308 -0.152576
LA_0086 0.007308 -0.018633 0.031301 0.019515 0.247451 0.090768 -0.007591 0.050296 -0.097630 0.076919 0.001203 0.071452 0.115839 0.025783 0.032496 0.076686 0.021930 -0.006568 -0.012998 -0.130876 0.006546 -0.060672 0.057692 -0.059784 -0.060147 0.071579 0.042455 0.074851 0.060960 -0.175033 -0.051697 0.009443 0.038535 -0.012993 0.152053 -0.031012 0.084975 0.063000 -0.003989 0.041226 -0.015079 0.069548 0.063117 0.059628 -0.000928 0.027385 -0.078318 -0.042708 -0.024637 0.085414 0.011619 -0.087083 0.018292 0.106346 0.048807 0.010553 0.056850 0.026950 -0.110325 0.016660 -0.102979 0.006900 -0.035532 -0.044342 0.092212 0.039513 -0.071782 -0.037726 0.021792 -0.092176 -0.057230 0.104840 0.098219 -0.067400 0.056787 -0.149771 -0.042258 -0.094002 0.046887 -0.021891 -0.066433 0.048956 -0.064849 -0.123960 0.147243 -0.012559 -0.017903 0.087471 -0.073436 0.116166 -0.001996 -0.000742 0.057563 0.125839 0.006773 0.059021 0.017927 0.067247 -0.125725 0.111542 0.052554 0.013346 -0.069042 -0.029956 0.010578 0.093439 0.037859 -0.035845 0.169006 0.143474 0.004719 -0.003554 0.051369 -0.132150 0.085488 0.066932 0.057856 -0.004981 0.045410 0.038217 0.039270 -0.139756 0.026029 0.060390 -0.060657 0.052590 -0.030245 -0.044273 -0.132082 0.017075 -0.034425 -0.081129 -0.102172 -0.073272 -0.082974 -0.029787 0.058568 -0.009785 -0.003100 -0.078157 0.065268 -0.145596 -0.011171 -0.075374 0.079263 -0.039583 -0.034975 0.098192 0.068349 0.032076 0.055217 0.015188 -0.077572 0.052633 0.092084 0.007660 -0.001449 -0.059036 -0.097347 0.010751 -0.058709 -0.035721 0.100218 -0.083203 0.171739 0.078154 0.044796 0.057048 -0.052525 -0.076799 -0.005026 -0.002886 0.075613 -0.045751 0.056897 0.062959 -0.160242 -0.068108 -0.118508 -0.023975 -0.026153 -0.023868 0.072535 0.139548 0.014877 -0.021093 -0.063748 -0.041200 -0.020491 0.003945 -0.062702 -0.010172
LA_0087 -0.004048 0.000496 -0.010118 0.055935 0.108722 -0.003830 -0.084142 -0.002753 -0.090604 0.024839 0.047346 0.038192 -0.081387 -0.067772 0.039248 0.156236 0.003360 -0.010220 -0.037691 -0.043859 -0.004069 -0.059951 0.052641 -0.049188 -0.132022 -0.062287 0.087606 0.109256 -0.002965 -0.195528 -0.069102 -0.045725 0.037210 0.025327 -0.017908 -0.075656 -0.036243 0.048468 -0.024087 -0.047064 0.013983 0.042978 0.041929 -0.136049 -0.042477 0.076196 -0.119697 -0.121035 0.074396 0.087545 -0.022096 0.100868 0.199647 -0.017083 0.096754 -0.021980 -0.059233 0.001934 -0.107553 -0.101716 -0.014119 0.023034 0.015034 0.045366 0.104282 0.097439 0.050890 -0.092523 -0.006625 -0.041648 -0.075674 0.043859 0.046784 -0.016414 -0.020343 -0.111077 -0.030173 -0.036939 -0.092239 0.085875 -0.054183 0.109258 -0.048262 -0.035365 0.112794 -0.106352 -0.023342 0.065320 -0.049975 0.105292 -0.037651 -0.091974 -0.095049 0.035968 0.064869 -0.074475 -0.026679 -0.033833 -0.191944 0.016825 0.045709 0.043460 -0.005484 -0.037244 0.061551 0.066144 -0.050792 -0.082927 0.052510 0.132028 0.008614 -0.033214 -0.057822 -0.115419 0.089558 0.102377 0.044696 -0.080584 0.072439 0.071386 0.042198 -0.062925 0.088369 -0.079012 -0.113126 0.006006 -0.027973 -0.108441 -0.107088 0.036046 -0.019672 0.008102 0.027110 -0.027431 0.008980 -0.012599 0.050021 -0.025310 0.094610 -0.188763 0.181631 -0.099491 0.073241 -0.145901 -0.034394 0.038403 -0.011566 0.025358 0.007564 0.091555 -0.090865 -0.022484 -0.053706 0.013154 0.044578 0.005674 0.053797 0.096743 -0.072418 -0.076582 -0.120910 -0.121000 0.032567 -0.090729 -0.013198 0.041223 0.023300 -0.033844 0.023536 0.034158 -0.019840 0.039321 -0.005327 0.015136 0.055228 0.035989 -0.018423 0.058490 0.051924 -0.021110 -0.091237 -0.158801 0.053490 0.088417 -0.004033 -0.033398 -0.047092 -0.041653 0.014811 0.059806 -0.051192 -0.110216
LA_0088 -0.018084 -0.045721 0.066806 0.031779 0.139549 0.029705 0.011852 -0.012601 -0.133272 0.021593 -0.004976 0.073909 0.017810 0.020209 0.111215 0.129867 -0.026808 -0.006290 -0.031139 -0.102183 -0.078029 -0.029295 0.084397 -0.106782 -0.153321 0.087633 0.041366 0.109706 -0.003897 -0.161146 -0.042359 0.011662 -0.031950 -0.022168 0.085476 -0.103701 -0.036959 0.058842 0.014458 -0.076612 0.011485 -0.007416 0.073580 -0.138194 -0.019804 0.003220 -0.006780 -0.059823 0.094412 0.032516 0.058948 0.058875 0.219904 -0.012540 0.114599 0.037952 -0.048419 0.048724 -0.073177 -0.003784 0.001641 -0.021132 -0.031819 -0.025054 0.075558 0.054300 -0.021177 -0.139053 -0.013931 -0.061688 -0.041502 0.043434 0.067279 -0.019708 -0.002840 -0.120102 -0.046844 -0.069245 -0.040174 -0.022942 -0.108879 0.168877 0.054098 -0.068769 0.073410 -0.100595 0.009418 -0.011225 0.004561 0.095525 -0.073645 -0.073521 -0.007777 -0.058209 0.034968 -0.103618 -0.093736 0.026051 -0.184655 0.038345 0.133899 0.052571 -0.023016 -0.025618 0.077341 0.020022 -0.140940 -0.076107 0.043912 0.123973 -0.035046 -0.102354 -0.052595 -0.054587 0.054888 0.097224 0.016806 -0.008841 0.084052 -0.118555 0.063282 0.089959 0.023175 0.034208 -0.012819 0.041429 -0.052930 -0.163554 -0.069193 0.034243 -0.086181 -0.037260 0.057670 -0.092677 -0.034884 -0.090711 0.017396 0.094278 0.083826 -0.080206 0.081643 -0.075413 0.041941 -0.098317 0.063094 0.094758 -0.023458 0.002537 -0.099808 -0.004928 -0.115268 -0.011857 -0.035334 -0.002463 0.140894 -0.005573 0.024641 0.000675 -0.065807 -0.039236 -0.098643 -0.031145 -0.056517 -0.063082 0.048334 -0.030640 0.112302 -0.017928 -0.017064 -0.039333 0.023548 0.009027 0.123387 -0.028626 0.062255 -0.046699 -0.011069 -0.006566 -0.071832 -0.065663 -0.061939 -0.081714 -0.039912 0.005932 -0.008963 0.082105 -0.024104 -0.038627 0.003627 0.065470 -0.067596 -0.184543
LA_0089 0.083411 -0.157374 -0.058219 -0.105713 0.077949 -0.089863 -0.030427 0.165610 -0.017252 0.031985 0.021063 0.072534 -0.016351 -0.015164 -0.014197 0.057117 0.039116 -0.103278 -0.023471 -0.014961 -0.040523 -0.089422 0.036227 -0.024121 -0.019335 0.047422 0.041821 0.018806 0.121874 -0.153857 -0.095521 0.199094 0.052863 0.005382 -0.012030 -0.052688 0.084705 0.027244 -0.026845 -0.065857 0.064922 -0.032759 0.039037 -0.042762 -0.037584 -0.067096 0.006894 -0.030835 0.120547 0.027433 -0.015338 0.055000 -0.030093 0.084477 0.014353 0.113984 -0.027464 0.031733 -0.144782 -0.018791 0.041493 -0.118643 0.003888 -0.032400 0.073192 -0.038826 0.071885 -0.107282 -0.013941 -0.060274 -0.015171 0.077132 0.066245 -0.086365 -0.003377 -0.159249 0.116373 -0.001297 0.043736 0.007749 0.024132 0.094462 0.023156 -0.143797 0.093020 0.021138 -0.022268 -0.047355 -0.118616 0.154223 -0.015486 -0.001736 0.001607 0.082783 0.009298 -0.016060 -0.081297 0.036533 -0.161142 0.088484 0.047613 0.008526 -0.023100 0.004506 -0.045930 0.002868 0.008737 -0.046905 0.047440 0.106292 0.033261 -0.032224 -0.111567 -0.094498 0.043941 0.157373 0.134366 -0.073250 0.089072 0.051321 -0.066533 0.093292 0.004041 -0.056889 0.089597 0.009316 0.111139 0.030290 -0.151877 -0.157992 -0.038899 -0.085868 0.076734 -0.107130 0.023936 0.018258 0.046311 -0.062921 -0.020934 -0.091955 0.066774 0.086435 -0.037723 -0.063297 0.015593 -0.003086 -0.135246 -0.005462 0.095605 -0.039340 0.027096 0.011238 -0.001360 -0.040434 -0.018845 -0.071530 -0.150881 -0.066544 0.034496 0.011728 -0.061783 -0.028607 0.011138 -0.096872 -0.022313 0.039527 0.007330 -0.109114 -0.028728 0.023610 0.095441 0.036551 -0.042808 -0.009447 -0.020949 0.001213 0.006211 -0.123280 0.004530 0.003758 -0.065327 -0.099117 0.010448 0.004789 -0.087221 -0.003555 0.053874 -0.033003 -0.095828 -0.155155 0.089807 -0.113767
LA_0090 0.001521 0.005892 0.016565 0.059726 0.174236 -0.028796 -0.052563 -0.022188 -0.083869 0.154456 -0.027183 0.036549 0.039159 -0.036833 0.039210 0.110218 -0.019956 -0.048426 -0.057664 -0.031996 0.001534 -0.010937 0.025213 -0.186369 -0.019457 -0.066039 -0.053835 0.003934 -0.098629 -0.198510 0.009657 0.033149 0.018193 -0.036214 -0.060810 0.056234 -0.001174 0.101227 -0.011499 -0.063559 0.013205 -0.021534 -0.071498 -0.065506 -0.067257 0.006592 0.009151 -0.006315 0.025318 -0.045711 0.096852 0.081713 0.092618 -0.027731 0.103252 -0.084288 -0.050230 0.094062 -0.070850 0.019456 -0.055927 0.003062 0.011757 -0.066855 0.042227 0.030000 -0.011111 -0.120965 -0.044602 -0.022946 0.020634 0.023129 0.148646 -0.046612 -0.131075 -0.058932 0.048709 0.059131 -0.047926 0.118001 0.057802 0.115828 -0.098741 -0.025707 0.060019 -0.181558 0.021752 0.050940 -0.006732 0.101537 -0.077838 -0.107101 -0.051370 0.130479 0.082184 -0.049406 -0.004068 -0.032394 -0.134042 0.012726 0.112217 -0.024854 0.048573 -0.097577 0.007819 0.060305 -0.051434 -0.140008 0.108221 0.113334 -0.058232 -0.068543 -0.013159 -0.061424 0.113012 0.019929 0.021804 -0.035358 0.076274 0.030488 0.011128 0.003917 0.056933 0.057701 -0.044517 0.116460 -0.010544 -0.038195 -0.071513 -0.037205 -0.021342 -0.006497 0.072897 0.023256 0.003422 -0.053559 0.049559 0.010291 -0.039793 -0.123549 0.032220 -0.066567 -0.056566 -0.145259 0.043456 0.131199 -0.007632 -0.048200 -0.084286 0.083069 -0.071845 0.044843 0.032035 0.036078 0.151115 0.028356 0.065038 -0.027139 -0.015026 0.093192 -0.162713 -0.016090 -0.004728 -0.007491 -0.012767 0.006380 0.071595 0.061739 -0.062543 -0.043154 0.000836 -0.025942 0.049267 0.096979 -0.005165 0.053410 -0.130071 0.076859 0.010580 -0.002976 -0.055927 -0.084375 -0.058763 0.130043 0.071864 -0.024407 -0.008965 -0.126633 0.039578 -0.032136 -0.019082 -0.238368
LA_0091 -0.075977 0.009735 -0.016394 -0.031024 0.053397 -0.042862 -0.054999 -0.094343 -0.071144 0.031913 -0.049568 0.034521 0.111333 0.054549 -0.057638 -0.058124 0.002954 -0.038511 -0.123672 0.066067 -0.024473 -0.103495 0.024829 -0.056197 -0.051888 0.019082 0.027614 0.003335 0.038716 -0.091188 -0.024430 0.017451 0.034977 -0.035155 -0.024234 -0.023338 0.040288 0.121041 0.047066 0.036954 -0.024771 0.002607 0.114520 -0.087513 -0.008736 -0.046066 -0.027638 -0.044403 0.129223 0.024286 0.016112 0.077291 -0.071234 -0.002425 0.237934 -0.040174 0.007070 -0.001263 -0.041383 0.013592 -0.021770 0.010303 -0.032734 -0.023290 0.102667 -0.019829 0.032114 -0.103620 0.004378 -0.065657 0.044130 0.088089 0.079288 -0.098448 -0.001060 0.036191 -0.041078 0.020209 -0.032763 0.056500 -0.046449 0.016507 -0.056704 -0.037035 0.088752 -0.157583 0.004507 0.097860 -0.094553 0.051338 -0.142530 -0.051644 -0.073041 0.177934 -0.010073 -0.040107 0.022710 -0.152061 -0.176989 0.129989 0.104663 -0.078429 0.050677 -0.065642 -0.014312 0.050155 -0.043982 -0.042386 0.099816 -0.019965 -0.030220 -0.063424 -0.029403 0.000105 0.150650 -0.010866 0.019351 -0.007850 -0.021412 0.092133 -0.029557 0.048018 0.127749 0.136954 -0.001430 0.095750 -0.062331 -0.001927 0.018285 0.023675 -0.110531 -0.084644 0.088115 0.006319 -0.100700 -0.042938 -0.022166 0.078298 -0.106119 -0.131733 -0.024528 -0.149237 -0.031566 -0.082739 0.055587 0.086220 -0.014935 0.022189 0.097988 0.016041 -0.081970 0.027409 0.036256 0.077207 0.107727 0.044257 0.068465 -0.037603 0.066349 0.087755 -0.004253 -0.006006 0.010270 -0.022259 0.052383 0.041232 0.102978 0.114506 -0.113663 0.013011 0.097954 -0.051652 0.076304 -0.030050 0.112694 0.084416 0.036221 0.090520 -0.069202 -0.058591 -0.054566 -0.098686 -0.043693 0.190268 0.009511 -0.039172 -0.114765 -0.071500 -0.081535 -0.045884 0.027789 -0.125219
LA_0092 0.132084 -0.083476 0.006092 0.012839 0.078791 -0.084000 -0.026404 0.091377 -0.142581 0.023217 -0.031524 0.063345 -0.081662 0.021242 -0.030209 -0.045699 -0.016796 -0.089092 0.068479 0.042418 -0.063382 -0.049150 0.129481 -0.057884 0.013917 0.066217 -0.022023 0.001600 0.189116 -0.152873 -0.098291 0.076249 -0.026064 -0.019332 0.072382 -0.082141 0.207347 0.070203 0.014724 0.009536 -0.002958 0.029875 0.024365 0.010053 0.056446 -0.009399 -0.041669 0.004544 0.064555 -0.041508 0.031276 0.082022 -0.013446 0.114894 -0.032096 -0.005344 -0.075644 0.034175 -0.169461 -0.149575 -0.003831 -0.088469 0.063122 -0.094620 0.066972 -0.054853 0.061922 -0.088988 -0.048593 -0.032691 0.063985 -0.016683 -0.015845 -0.076199 0.001233 -0.104846 -0.005929 -0.023728 0.071882 0.033080 -0.045496 0.063670 0.078448 0.003129 0.109305 -0.078002 -0.036804 0.046559 -0.027159 0.019240 0.009959 0.068729 -0.001243 0.185372 -0.012880 -0.009498 -0.067076 0.203217 -0.170092 0.055700 -0.024541 0.003404 -0.054112 -0.041723 -0.040917 0.070341 -0.059102 0.040613 -0.020001 0.100320 0.117306 0.006261 -0.065410 -0.081948 -0.096728 0.094356 0.090411 0.099753 0.125597 0.092419 -0.065992 0.013270 0.031882 0.013734 -0.030263 0.035303 0.121922 0.086107 -0.094821 -0.045342 -0.077935 -0.013380 0.001074 -0.132159 0.067647 -0.046650 -0.016100 0.007540 0.084079 -0.011802 -0.005565 0.048235 0.003004 -0.113758 -0.059603 -0.069079 -0.001656 -0.010272 0.127287 -0.033716 0.060173 0.040188 -0.018115 -0.049576 -0.034061 -0.057844 0.005221 -0.000889 0.033240 0.054348 0.004387 0.056885 0.068272 -0.117527 0.082073 0.066230 0.021009 -0.067101 -0.026877 0.015963 0.078202 0.085555 0.030728 0.025891 -0.009431 -0.029211 0.170708 -0.099212 -0.066738 0.089804 0.027501 0.005702 -0.017097 0.037516 -0.036614 -0.045101 0.062100 -0.076597 -0.085154 -0.098500 0.082215 -0.150939
LA_0093 0.105377 -0.168118 -0.014965 0.091434 0.124770 -0.001364 -0.071134 -0.019864 -0.056295 0.001806 -0.012758 0.059290 -0.121011 -0.001581 0.114238 0.149479 0.093211 -0.055664 0.027686 0.119954 0.135779 -0.077792 0.073792 -0.052726 -0.115462 0.036893 0.087281 0.019384 0.031145 -0.156789 -0.090681 0.062207 0.021678 -0.030888 0.037829 -0.148620 0.154357 0.012975 -0.044486 0.006828 -0.058991 0.020620 0.085488 -0.052674 0.039454 0.065947 0.057441 -0.161127 -0.003583 -0.060580 -0.017646 0.069455 0.104765 -0.003615 0.038562 -0.010329 -0.005666 -0.004764 0.033577 -0.054106 0.041422 -0.071929 -0.062729 0.006937 0.062112 0.010328 0.008470 -0.071635 0.055196 -0.008641 0.023932 0.011271 0.058467 0.012354 0.042173 -0.085661 -0.091835 -0.044989 -0.089457 0.042436 -0.061539 0.095660 0.009307 0.030642 0.027505 -0.046847 0.046557 -0.058692 0.007264 -0.036414 -0.038693 -0.111328 -0.060587 0.054757 0.076732 -0.051952 -0.009534 -0.023566 -0.228034 -0.083328 -0.063843 0.037101 0.036001 -0.031560 -0.083706 0.168012 0.004293 0.032300 -0.076280 -0.005607 -0.048713 -0.035627 0.014565 0.079615 0.133481 0.026911 0.081697 -0.073281 0.007886 0.133713 -0.084246 -0.030668 0.050912 -0.040351 -0.019715 0.009784 0.023116 0.015125 -0.035029 -0.006837 0.038256 0.014467 -0.019448 0.094401 0.085965 -0.103600 -0.005138 -0.005295 -0.076367 -0.026412 -0.012942 -0.033645 0.060378 -0.153443 0.006186 0.122035 0.182659 0.147060 0.044387 -0.019387 0.065777 -0.007045 -0.088398 -0.000316 -0.021033 -0.018572 -0.036539 -0.050681 -0.089745 0.052495 -0.030571 -0.055813 0.112599 -0.005458 0.128867 0.014934 -0.098516 -0.073181 -0.090222 0.103975 -0.010067 -0.028847 0.068962 0.100657 0.093132 -0.181475 0.014609 0.014596 -0.056115 0.012446 0.107990 -0.070905 0.033501 -0.018946 -0.021361 0.093325 0.022608 -0.047620 0.048180 -0.075563 -0.045013 -0.051254
LA_0094 0.050048 0.001670 0.013878 0.062663 0.027242 -0.015810 0.030316 0.021356 0.013503 0.111164 0.084854 0.083905 -0.097490 0.044536 -0.074159 0.038102 0.017244 0.148948 -0.022378 0.178304 -0.051995 -0.047623 0.119159 -0.020440 -0.033774 0.074592 0.067904 0.129362 0.097264 -0.060070 -0.049339 0.004507 0.033680 0.030188 -0.017543 -0.057609 0.078974 -0.024271 0.087586 -0.047906 -0.036983 -0.076139 0.028472 -0.078457 0.022740 -0.088863 -0.041356 -0.090385 0.089065 0.048702 -0.037811 -0.067694 -0.022539 -0.004319 0.039671 -0.042778 -0.049057 0.050749 -0.038792 0.057114 -0.091823 0.029944 0.007391 0.019017 0.028280 -0.043497 -0.093565 0.059652 0.117273 -0.014570 -0.092978 0.024829 0.219010 -0.003969 0.012632 -0.014656 0.113683 -0.012387 0.061606 0.007483 -0.016775 0.040327 0.004955 0.010128 0.038959 -0.019500 0.018212 -0.030456 -0.075799 0.133705 0.021831 -0.087022 -0.007814 0.051829 -0.032632 0.159002 -0.077211 0.081386 -0.260656 0.018175 -0.041072 -0.007973 0.033430 -0.062519 -0.083377 0.026090 0.028788 0.043583 -0.026599 0.032334 0.004863 -0.001377 -0.017993 -0.065018 0.026321 0.074497 0.100090 0.157601 0.095866 0.039048 0.053493 -0.000860 -0.031350 0.068486 0.108799 -0.018165 0.179048 -0.083528 0.051379 -0.021266 0.002391 0.010106 -0.050086 0.001769 0.026701 -0.106683 0.125691 0.060004 0.039488 -0.061278 0.098450 -0.005334 -0.091708 -0.085977 -0.030589 0.136415 -0.061461 0.027270 -0.072927 0.026707 -0.007941 -0.115600 -0.077072 0.049662 0.040846 0.080694 -0.062016 -0.109148 0.012986 -0.076323 -0.089220 -0.118564 0.009948 -0.104836 0.112803 0.011360 0.045384 0.061813 -0.018485 -0.009325 -0.003266 -0.146483 -0.016414 -0.087765 0.076538 -0.016898 0.057155 -0.078191 -0.139288 0.072411 -0.155301 -0.119355 0.059767 -0.024687 0.004932 -0.008204 0.080631 -0.069502 -0.098548 -0.074221 -0.058061 -0.059386
LA_0095 0.049471 -0.122528 -0.009696 0.082680 0.033177 0.040712 -0.082083 -0.027441 0.080488 0.030022 0.082612 0.018520 -0.117676 -0.106263 -0.003756 0.109162 -0.020565 0.059966 -0.025472 -0.000621 0.009674 -0.102140 0.038865 -0.000078 -0.025950 -0.005321 -0.023009 -0.014339 0.036323 -0.156660 -0.076004 0.106810 0.017664 -0.108424 -0.145214 -0.080754 0.046452 0.035415 0.139418 -0.096967 0.020620 -0.095530 -0.034201 -0.011775 0.028763 -0.145630 0.048604 -0.101791 0.115514 -0.004629 -0.115699 -0.003314 0.211758 0.064073 0.002410 -0.028016 0.015138 0.004878 -0.043744 -0.087028 0.007439 -0.028957 -0.065356 0.046326 0.058155 0.052807 -0.031869 -0.054306 -0.029588 -0.135645 0.059919 0.076403 0.198148 -0.036033 0.039592 -0.052150 -0.116486 -0.035771 0.018149 0.003494 -0.027143 0.042810 0.030812 0.055298 -0.014810 -0.014211 -0.091168 0.034967 -0.085708 0.030767 -0.069392 -0.091427 -0.122913 0.021109 -0.025572 0.030080 -0.009598 -0.062120 -0.168956 0.022023 -0.098057 0.113940 0.131238 -0.074423 -0.030654 0.086095 -0.050431 -0.150829 0.014839 -0.030551 0.040433 0.018630 -0.006424 -0.012026 0.038426 0.073485 0.060165 -0.068071 0.155762 0.064329 -0.095838 -0.008624 0.054105 -0.088768 0.067485 -0.094261 -0.005271 0.048288 0.030362 -0.031655 -0.031233 0.063480 -0.035001 -0.059436 -0.013217 -0.109911 0.092748 -0.007450 0.031201 -0.091187 0.007309 0.007623 0.016722 0.017700 -0.024288 0.056966 0.091881 0.124332 0.059141 0.005775 -0.044466 -0.096391 -0.049233 -0.009448 0.130810 0.059182 -0.010528 -0.013847 0.001590 0.036821 -0.095916 -0.040840 0.015368 -0.075702 0.102602 0.036722 -0.047142 -0.033388 -0.095511 0.083101 0.016122 0.058362 0.092290 0.007787 0.071748 0.061880 0.091332 0.056109 -0.122889 0.062255 -0.021104 -0.175223 0.020805 -0.039280 0.071706 0.082982 0.066840 -0.086552 0.092137 -0.096428 0.018093 -0.088668
LA_0096 0.042909 -0.147453 0.013599 0.006500 0.130639 0.005772 -0.111945 0.151361 0.108428 0.077163 -0.016903 -0.031356 -0.102029 0.064113 -0.094676 0.075963 0.021114 -0.044327 0.024344 0.133478 0.010880 -0.069006 0.011480 -0.049760 0.017829 0.102756 0.068721 0.097547 0.018342 -0.117522 -0.127394 0.040892 0.094133 -0.074013 0.003415 -0.194714 0.131129 -0.041016 -0.008564 0.058173 -0.012883 0.067543 0.035813 -0.088045 -0.038257 -0.001159 -0.051878 -0.046282 0.084905 -0.054222 -0.010197 0.036800 -0.047664 -0.002908 -0.001457 0.052014 -0.024435 -0.021999 -0.020767 0.001893 0.057627 0.018090 -0.000889 -0.026781 0.132896 -0.013341 0.025087 -0.073564 0.063470 -0.009215 0.045810 0.049218 0.024592 -0.064566 0.056022 -0.174209 0.017515 -0.060656 0.016102 0.049348 -0.045186 0.106017 0.063618 -0.044313 0.058231 0.014590 0.012488 -0.017933 -0.028773 0.050428 -0.093629 -0.045224 -0.060075 0.062498 -0.092082 0.020536 -0.075533 -0.029322 -0.176848 -0.110893 0.019766 -0.054051 -0.024897 0.024414 -0.088710 0.080649 -0.011213 -0.046679 -0.001146 0.015943 0.006782 -0.062648 0.030506 0.033646 0.061918 0.081089 0.113816 -0.049687 0.070688 0.011521 -0.141257 -0.059510 0.007633 0.044611 -0.004448 -0.011452 -0.044016 -0.067171 0.016919 0.026256 -0.016470 -0.014255 -0.013356 -0.092349 0.051671 -0.047967 0.055484 -0.014119 -0.044970 -0.124842 0.037653 -0.005573 0.019511 -0.121580 0.056356 0.146931 0.126207 0.092160 0.039777 0.020443 -0.021886 0.038148 -0.029476 -0.016410 0.074506 -0.052380 -0.131753 0.064652 -0.111753 0.098644 -0.062133 -0.026170 0.016939 -0.049547 0.096252 0.015201 0.054651 -0.072248 -0.091865 0.106229 0.012426 -0.083156 0.128115 -0.059118 0.121254 -0.115546 0.062650 -0.039080 -0.199187 0.165280 0.079436 -0.108722 -0.016356 0.030731 -0.076838 0.044135 0.129669 -0.051193 0.084586 -0.079182 0.046567 -0.085389
LA_0097 0.032183 -0.093140 0.078343 0.021800 0.114819 -0.052584 -0.000769 0.048669 -0.216005 0.071096 -0.027803 0.028972 0.073672 0.031066 0.042316 0.178019 -0.033739 -0.012345 0.011732 -0.051218 -0.062832 -0.059494 0.023405 -0.065001 -0.022715 -0.040481 0.041595 -0.002988 0.007724 -0.138803 -0.020991 0.008413 0.019854 -0.103743 0.008329 -0.012713 -0.008626 -0.029758 -0.026559 -0.065563 -0.005210 -0.054132 -0.028698 -0.149965 -0.027729 -0.012813 0.025977 -0.019222 0.079061 -0.026599 0.108080 0.125056 0.156917 0.078794 0.132076 0.027310 -0.060115 0.024875 -0.039380 0.007343 0.048493 -0.041251 -0.074682 0.008768 0.026150 0.010211 0.007372 -0.137233 -0.054905 -0.013183 0.038496 0.083445 0.136590 -0.051975 0.073236 -0.143442 0.029536 -0.082054 -0.042651 0.072917 -0.123864 0.081041 0.027526 -0.022314 0.102388 -0.099347 0.020104 -0.092653 -0.020884 0.116049 -0.106755 -0.055001 0.017006 0.009897 -0.015963 -0.035130 0.003416 -0.033824 -0.114040 0.064614 0.128329 0.081242 -0.047233 -0.095674 0.022448 0.048516 -0.117359 -0.154043 0.038846 0.064223 -0.051373 -0.036237 -0.086127 -0.030575 0.115411 0.117463 0.050189 -0.039853 0.061769 -0.111188 0.057126 0.092368 0.019881 0.043339 0.036061 0.089017 -0.036460 -0.159969 -0.093284 0.055036 -0.130259 0.016136 0.066256 -0.100456 -0.000217 -0.065662 -0.032508 -0.007898 0.059742 -0.058262 0.130152 -0.155563 0.095315 -0.061426 -0.004205 0.043200 -0.039017 0.011892 -0.009853 -0.066832 -0.137444 0.050987 0.031278 0.020155 0.176037 -0.099546 0.019324 -0.058111 -0.027096 -0.006095 -0.096917 0.081082 -0.052718 -0.005153 -0.021753 -0.121073 0.105032 0.008834 0.000181 0.005002 0.022012 -0.026767 0.137829 0.013677 -0.000102 -0.010034 -0.021888 -0.009641 0.065211 -0.028712 -0.020934 -0.116170 -0.055109 0.031664 -0.006162 0.069846 -0.053244 -0.051279 -0.039723 0.029223 -0.002792 -0.121279
LA_0098 0.003331 -0.006080 0.015612 0.035241 0.126385 0.001822 -0.041947 -0.073090 -0.087163 0.120870 -0.098679 0.069667 0.113230 -0.017143 -0.023212 0.004377 0.008766 -0.145275 -0.110177 0.011460 -0.049135 -0.095520 0.011703 -0.113526 0.058151 -0.096193 -0.073841 -0.013577 0.018214 -0.120065 -0.023641 0.030230 0.085732 -0.052197 0.024288 -0.019555 0.048029 0.144317 0.020775 -0.013347 -0.004585 -0.013622 0.129452 -0.059362 0.021551 -0.026918 -0.031060 0.044833 0.159929 -0.001746 0.014384 0.061798 -0.052853 -0.012596 0.177312 -0.016422 0.051402 -0.021424 -0.034001 0.079735 -0.025115 -0.001780 0.049640 -0.101975 0.008887 -0.015813 0.025474 -0.134722 0.031237 -0.047944 0.023302 0.067924 0.058832 -0.063872 -0.030359 -0.058657 0.007264 -0.015843 -0.061105 0.126818 0.036320 0.084944 -0.104350 -0.119793 0.116698 -0.165588 0.030775 0.035137 -0.039073 0.095780 -0.102586 -0.099397 -0.038394 0.182732 0.009413 0.003193 0.006318 -0.133632 -0.160667 0.152623 -0.015351 -0.028101 0.060853 -0.082641 0.007577 0.000583 -0.001797 -0.024474 0.112789 -0.032727 -0.045378 -0.050556 -0.053231 -0.050601 0.104904 0.061135 -0.015107 -0.007325 0.015470 0.080609 -0.002209 -0.004061 0.049593 0.098446 -0.026069 0.114203 -0.066828 -0.054814 -0.083781 -0.042487 -0.066445 -0.051791 0.084423 -0.059776 0.002633 -0.009083 -0.013244 0.060247 -0.056086 -0.117213 -0.035691 -0.127344 -0.059961 -0.048194 0.011497 0.122857 -0.030487 -0.009865 0.018575 0.006271 -0.046206 0.081230 0.060599 0.085290 0.155018 -0.001198 0.048565 -0.072345 0.005874 0.150246 -0.078926 -0.026704 -0.035430 -0.045103 -0.014493 0.045079 0.071097 -0.005126 -0.069273 0.034858 0.079883 0.004266 0.054918 -0.028744 0.049213 0.067916 -0.023652 0.073583 -0.019076 -0.024239 0.009302 -0.130120 -0.059006 0.184594 0.075938 0.036580 -0.083637 -0.099212 -0.059847 -0.132460 0.019266 -0.121032
